delta-sat with the following box:
	mode_0 : [1, 1];
	mode_1 : [2, 2];
	time_0 : [1.428571343421937, 1.428571939468384];
	time_1 : [0.07330931024625898, 0.07330988068133593];
	v_0_0 : [-0, 0];
	v_0_t : [-14.00000500679016, -13.99999916553497];
	v_1_0 : [13.99994659423829, 14.0000400543213];
	v_1_t : [13.28150816634298, 13.28161440417171];
	x_0_0 : [10, 10];
	x_0_t : [0, 0];
	x_1_0 : [0, 0];
	x_1_t : [1, 1]
