delta-sat with the following box:
	mode_0 : [1, 1];
	mode_1 : [2, 2];
	mode_2 : [1, 1];
	mode_3 : [2, 2];
	time_0 : [1.428571428550641, 1.42857142869616];
	time_1 : [1.428571427135808, 1.428571429714225];
	time_2 : [1.428571192082018, 1.428571600699798];
	time_3 : [0.07330925904042385, 0.07330968734981181];
	v_0_0 : [-0, 0];
	v_0_t : [-14.00000000122236, -13.99999999979627];
	v_1_0 : [13.99999998696149, 14.00000000977889];
	v_1_t : [-0, 0];
	v_2_0 : [-0, 0];
	v_2_t : [-14.00000168685801, -13.99999768240377];
	v_3_0 : [13.9999896734953, 14.00005374476314];
	v_3_t : [13.28155158939314, 13.28162405552499];
	x_0_0 : [10, 10];
	x_0_t : [0, 0];
	x_1_0 : [0, 0];
	x_1_t : [9.999999963324625, 10.00000003201877];
	x_2_0 : [9.999999562205627, 10.00000066131181];
	x_2_t : [0, 0];
	x_3_0 : [0, 0];
	x_3_t : [1, 1]
